2678
9838
3198
2363
8292
6161
7200
4750
6876
9760
5274
3184
4262
3310
5071
3488
6998
2112
6785
8218
2418
2481
8651
5644
5056
6304
9850
8550
2616
9066
4752
7216
2241
2350
7219
2107
6516
2962
9942
6470
3703
4329
3426
8462
5619
6641
3443
9112
3692
6564
1925
1984
4515
3363
8634
2820
7655
4692
1440
5220
8633
9577
6024
1071
7556
4352
7048
1748
6332
9352
5122
3101
8654
9626
4964
9112
6767
7125
7089
7656
7329
4974
6332
1225
7411
9374
4901
9023
4475
5668
3941
7362
1430
5885
8741
7319
1168
3479
1892
5378
2831
2256
4460
1836
1897
5350
9898
6996
2713
6357
1254
7987
5420
4185
8756
6196
6096
9652
5273
6341
9742
8136
3161
7316
6341
8268
5299
3043
7591
5835
5008
8312
4890
1144
4507
9100
6858
9568
9456
3044
7734
2001
5153
2964
6934
3379
9401
9209
1140
3156
7306
2092
2016
4352
3046
3713
8881
4916
4009
8810
7715
9041
1408
1400
3980
5260
4064
1584
3195
9687
9206
1859
4400
6083
7123
5507
8514
4592
1508
4574
4913
2627
5800
1676
6044
9652
3830
8216
4721
6666
9549
3663
8012
6756
3385
5641
8611
4615
5025
4401
7689
2812
1908
3113
2292
1241
7835
9386
9460
5100
4132
4055
5009
5369
4089
3905
4169
6242
5132
2271
2929
3853
7184
7344
1429
5103
5477
9584
6412
7060
6459
3314
2976
4645
6528
2081
7438
4242
7444
9828
8060
9998
3597
7476
1660
7296
4563
6509
3820
2264
7496
8016
9907
8177
7729
8321
9296
1586
3023
9161
5843
7828
2276
7747
5919
1291
2491
5694
9221
9287
7185
1288
3619
3736
3890
5583
3506
2081
2556
9584
1650
5567
2799
9054
3160
8523
6848
2681
1324
2092
9656
5502
8827
9920
7265
2171
8689
7847
8591
3489
3533
8832
4144
3640
7932
1336
8913
8414
3684
1954
8291
1500
5825
3536
5644
8376
9542
8462
8940
7662
7893
4972
5721
7977
8772
7212
1235
3639
7896
9929
3771
2890
4917
5977
4126
2643
5625
9661
9510
9322
8358
4609
6522
2164
7755
4851
9464
5472
8236
6807
2110
8117
6671
4020
7853
7808
4185
4630
2050
6416
3388
4786
1071
6961
5033
2443
2292
3229
4903
6318
6155
8576
1025
4524
7480
1776
9814
4509
2360
4916
3630
6666
9636
4574
3735
1891
6352
9834
8469
9249
8392
5809
4911
8154
4966
2758
5322
1001
5525
6875
9126
9642
6366
5979
8900
9637
4568
7662
6081
2873
7537
9512
2508
9577
1211
2344
7112
1368
1522
6192
8200
2178
3089
6873
2289
3379
9676
4891
7196
1891
9318
3290
4352
8674
7806
7402
1863
4511
5113
2232
4855
7577
4157
9876
6772
5322
5105
4213
3889
5052
2060
1497
4524
4040
3192
4149
8905
4987
5254
8596
8046
4366
5012
9417
9243
1575
4924
6645
6900
2004
1250
9699
6940
1627
3554
7200
4390
8718
5876
9367
7526
9428
6223
5687
6131
7436
5534
6537
5452
1556
4755
8836
4501
5223
2276
5588
5112
1591
2369
6732
9436
6840
7529
9025
3372
3928
7328
5236
2780
2100
7212
4384
8488
3362
2426
8849
2578
5689
3269
4193
7962
7210
9825
9952
1032
5366
8612
3072
9446
1470
1517
9112
8012
5534
9512
6232
4501
6770
4191
2225
6682
8666
7948
6934
3899
8529
1478
7726
3409
2478
6196
9632
9693
2897
1157
2878
5548
6827
1288
8576
9013
4583
2526
9164
2430
4320
1908
9569
2331
8234
2907
3224
5936
5128
5366
8433
8368
3343
1933
2452
1470
7053
2976
8488
6348
5882
3192
5997
4586
3233
8227
2041
7450
3408
1452
6412
4431
6825
6203
2896
1427
8158
8164
8544
5849
7187
2950
6404
1856
3139
1903
1342
2954
1604
4251
8838
1601
9110
4546
8259
9201
3705
5955
7828
7448
1081
2010
2610
8646
6562
7513
2483
7955
8356
3958
3286
6080
7017
2067
2897
6584
5310
1412
1784
5105
7893
1992
5783
3458
1123
5377
9634
8516
8696
1408
5058
1249
3236
5970
5882
5276
7747
2724
1355
2801
5391
1837
3712
8718
5367
2172
4853
4728
1972
8902
6025
4050
7481
9166
5929
9076
4506
8008
1116
7815
9228
3066
3289
8659
7484
7032
4566
3628
4728
1924
6138
4569
6217
3801
3062
5567
9704
3931
4978
3347
2982
7912
3169
4408
3067
2816
2598
7994
8636
3998
6822
1866
9640
9055
9414
6392
7848
6332
3733
6577
1935
6694
2343
1689
8903
5926
8740
7957
2438
6453
6449
4872
6438
5901
6234
5049
2144
6978
9204
9280
2200
4996
4042
4276
5470
2227
6860
3674
8956
1924
6103
3881
2292
3248
5783
6780
5470
3503
6247
8572
8849
8848
7908
4972
5225
2075
4395
8090
8158
8784
9642
8544
3388
3647
4890
2400
5235
9874
5546
5531
2769
2004
8479
6288
2049
1375
1228
4665
1218
2656
6994
6843
5573
7025
3712
3745
3670
8683
3542
9636
8595
7901
1220
6998
5641
6154
1405
2100
6743
8369
1744
6708
7828
9834
2272
3864
7661
3672
4044
1646
7552
1112
7875
3078
8533
2689
4589
4003
5636
5485
6929
9110
7923
1406
9287
2973
5384
3152
3476
6685
5268
7492
5790
3247
6785
8494
7188
2454
3548
8190
2385
9960
7519
6570
7944
3859
2465
1452
1665
4508
5563
1080
9925
2164
8649
6791
6247
8900
5048
1199
7662
9374
7591
7123
7412
4118
7801
2530
1992
2702
6216
7096
6451
4522
7566
1368
3073
6382
7042
7872
5806
3222
2746
1289
4058
8974
1933
1390
5536
9965
9071
6875
9036
6570
7985
8893
9536
2724
7291
1980
2949
5465
5394
4913
5289
4544
2396
8452
9945
1111
7212
5904
5272
6214
9841
1184
1418
8292
5843
4419
7066
9510
7301
5638
5072
2111
5897
3054
4465
1429
5122
1731
5699
5624
2792
4921
3087
1041
7117
6388
3869
1780
5421
9056
2892
1853
8756
2616
5240
2342
1894
3380
2729
3776
2423
3745
5843
5156
1702
8402
1710
5722
3875
1293
9486
3201
4400
1028
1897
5172
3070
6286
8324
6453
1774
9885
6798
9016
1908
5009
7229
5862
2669
1569
2395
